Name: 190321132
0.0
0.41
0.34
0.48
0.27
0.6
0.41
0.0
0.32
0.48
0.67
0.21
0.34
0.32
0.0
0.19
0.51
0.43
0.48
0.48
0.19
0.0
0.59
0.53
0.27
0.67
0.51
0.59
0.0
0.85
0.6
0.21
0.43
0.53
0.85
0.0
-
0.0
0.49
0.92
0.2
1.19
1.37
1.61
0.99
1.68
0.77
1.35
1.34
0.44
1.41
1.18
0.88
1.18
0.49
0.47
1.51
0.42
0.29
1.3
0.52
0.49
0.0
1.39
0.61
1.67
1.81
2.05
1.47
2.11
1.25
1.83
0.86
0.88
1.83
1.62
1.21
1.66
0.63
0.17
1.95
0.74
0.61
0.82
0.97
0.92
1.39
0.0
0.78
0.28
0.52
0.74
0.33
0.84
0.17
0.48
2.25
0.51
0.75
0.52
0.78
0.35
1.1
1.36
0.75
0.89
0.86
2.2
0.5
0.2
0.61
0.78
0.0
1.06
1.19
1.45
0.9
1.51
0.65
1.23
1.47
0.27
1.26
1.05
0.74
1.06
0.48
0.59
1.36
0.55
0.2
1.43
0.38
1.19
1.67
0.28
1.06
0.0
0.35
0.52
0.45
0.66
0.43
0.28
2.53
0.8
0.62
0.47
0.92
0.22
1.33
1.64
0.58
1.14
1.12
2.49
0.75
1.37
1.81
0.52
1.19
0.35
0.0
0.24
0.68
0.39
0.68
0.56
2.66
0.92
0.47
0.49
0.91
0.46
1.43
1.76
0.38
1.38
1.24
2.61
0.89
1.61
2.05
0.74
1.45
0.52
0.24
0.0
0.86
0.24
0.9
0.6
2.9
1.18
0.51
0.65
1.11
0.62
1.66
2.0
0.35
1.62
1.47
2.86
1.13
0.99
1.47
0.33
0.9
0.45
0.68
0.86
0.0
1.01
0.3
0.6
2.32
0.66
0.94
0.69
1.0
0.55
1.23
1.45
0.91
0.89
1.0
2.27
0.65
1.68
2.11
0.84
1.51
0.66
0.39
0.24
1.01
0.0
1.01
0.76
2.95
1.24
0.59
0.76
1.16
0.76
1.72
2.06
0.44
1.72
1.53
2.91
1.21
0.77
1.25
0.17
0.65
0.43
0.68
0.9
0.3
1.01
0.0
0.59
2.11
0.4
0.85
0.6
0.76
0.45
0.97
1.22
0.89
0.78
0.74
2.05
0.38
1.35
1.83
0.48
1.23
0.28
0.56
0.6
0.6
0.76
0.59
0.0
2.69
0.98
0.73
0.61
1.09
0.24
1.49
1.79
0.64
1.23
1.3
2.63
0.91
1.34
0.86
2.25
1.47
2.53
2.66
2.9
2.32
2.95
2.11
2.69
0.0
1.74
2.67
2.48
2.01
2.52
1.39
0.92
2.8
1.52
1.46
0.15
1.82
0.44
0.88
0.51
0.27
0.8
0.92
1.18
0.66
1.24
0.4
0.98
1.74
0.0
1.02
0.81
0.63
0.81
0.64
0.86
1.11
0.65
0.38
1.7
0.2
1.41
1.83
0.75
1.26
0.62
0.47
0.51
0.94
0.59
0.85
0.73
2.67
1.02
0.0
0.32
0.71
0.56
1.33
1.75
0.18
1.43
1.23
2.61
0.91
1.18
1.62
0.52
1.05
0.47
0.49
0.65
0.69
0.76
0.6
0.61
2.48
0.81
0.32
0.0
0.61
0.37
1.15
1.55
0.41
1.15
1.03
2.41
0.67
0.88
1.21
0.78
0.74
0.92
0.91
1.11
1.0
1.16
0.76
1.09
2.01
0.63
0.71
0.61
0.0
0.84
0.65
1.11
0.87
1.04
0.62
1.94
0.48
1.18
1.66
0.35
1.06
0.22
0.46
0.62
0.55
0.76
0.45
0.24
2.52
0.81
0.56
0.37
0.84
0.0
1.27
1.6
0.54
1.1
1.1
2.46
0.71
0.49
0.63
1.1
0.48
1.33
1.43
1.66
1.23
1.72
0.97
1.49
1.39
0.64
1.33
1.15
0.65
1.27
0.0
0.48
1.48
0.7
0.3
1.3
0.6
0.47
0.17
1.36
0.59
1.64
1.76
2.0
1.45
2.06
1.22
1.79
0.92
0.86
1.75
1.55
1.11
1.6
0.48
0.0
1.88
0.73
0.53
0.86
0.9
1.51
1.95
0.75
1.36
0.58
0.38
0.35
0.91
0.44
0.89
0.64
2.8
1.11
0.18
0.41
0.87
0.54
1.48
1.88
0.0
1.52
1.35
2.74
1.01
0.42
0.74
0.89
0.55
1.14
1.38
1.62
0.89
1.72
0.78
1.23
1.52
0.65
1.43
1.15
1.04
1.1
0.7
0.73
1.52
0.0
0.6
1.46
0.66
0.29
0.61
0.86
0.2
1.12
1.24
1.47
1.0
1.53
0.74
1.3
1.46
0.38
1.23
1.03
0.62
1.1
0.3
0.53
1.35
0.6
0.0
1.39
0.39
1.3
0.82
2.2
1.43
2.49
2.61
2.86
2.27
2.91
2.05
2.63
0.15
1.7
2.61
2.41
1.94
2.46
1.3
0.86
2.74
1.46
1.39
0.0
1.76
0.52
0.97
0.5
0.38
0.75
0.89
1.13
0.65
1.21
0.38
0.91
1.82
0.2
0.91
0.67
0.48
0.71
0.6
0.9
1.01
0.66
0.39
1.76
0.0
-
end 190321132
Name: 777
0.0
0.41
0.28
0.47
0.24
0.69
0.41
0.0
0.31
0.48
0.63
0.3
0.28
0.31
0.0
0.22
0.4
0.5
0.47
0.48
0.22
0.0
0.5
0.56
0.24
0.63
0.4
0.5
0.0
0.88
0.69
0.3
0.5
0.56
0.88
0.0
-
0.0
0.33
1.31
0.49
1.56
2.38
2.06
1.79
1.45
1.0
1.51
1.25
0.91
2.24
2.38
1.42
1.0
0.95
0.47
2.26
1.42
0.4
1.47
0.65
0.33
0.0
1.63
0.78
1.88
2.69
2.35
2.12
1.71
1.33
1.83
0.93
1.21
2.53
2.7
1.69
1.33
1.21
0.19
2.55
1.75
0.64
1.16
0.96
1.31
1.63
0.0
0.85
0.25
1.1
0.79
0.52
0.49
0.32
0.28
2.55
0.42
1.07
1.16
0.74
0.39
0.79
1.76
1.04
0.43
1.05
2.78
0.71
0.49
0.78
0.85
0.0
1.1
1.9
1.57
1.36
0.97
0.56
1.07
1.71
0.43
1.77
1.92
1.0
0.58
0.59
0.92
1.78
1.02
0.24
1.93
0.23
1.56
1.88
0.25
1.1
0.0
0.87
0.58
0.33
0.55
0.56
0.22
2.81
0.68
0.87
0.92
0.78
0.59
0.96
2.0
0.83
0.43
1.29
3.03
0.95
2.38
2.69
1.1
1.9
0.87
0.0
0.33
0.8
1.02
1.41
1.0
3.6
1.47
0.54
0.48
1.24
1.43
1.65
2.8
0.39
1.18
2.07
3.84
1.75
2.06
2.35
0.79
1.57
0.58
0.33
0.0
0.63
0.69
1.11
0.76
3.27
1.15
0.5
0.58
0.96
1.13
1.35
2.47
0.4
0.94
1.74
3.5
1.43
1.79
2.12
0.52
1.36
0.33
0.8
0.63
0.0
0.82
0.79
0.33
3.04
0.95
0.93
0.87
1.06
0.83
1.24
2.25
0.85
0.49
1.56
3.27
1.21
1.45
1.71
0.49
0.97
0.55
1.02
0.69
0.82
0.0
0.66
0.71
2.62
0.58
0.98
1.17
0.65
0.72
0.85
1.83
0.97
0.87
1.12
2.85
0.85
1.0
1.33
0.32
0.56
0.56
1.41
1.11
0.79
0.66
0.0
0.52
2.25
0.22
1.34
1.44
0.8
0.18
0.64
1.46
1.33
0.5
0.78
2.48
0.43
1.51
1.83
0.28
1.07
0.22
1.0
0.76
0.33
0.71
0.52
0.0
2.76
0.68
0.99
1.0
0.85
0.53
0.95
1.96
0.95
0.32
1.26
2.98
0.91
1.25
0.93
2.55
1.71
2.81
3.6
3.27
3.04
2.62
2.25
2.76
0.0
2.14
3.43
3.61
2.57
2.25
2.1
0.83
3.47
2.66
1.55
0.26
1.88
0.91
1.21
0.42
0.43
0.68
1.47
1.15
0.95
0.58
0.22
0.68
2.14
0.0
1.36
1.51
0.73
0.3
0.53
1.34
1.37
0.68
0.64
2.38
0.32
2.24
2.53
1.07
1.77
0.87
0.54
0.5
0.93
0.98
1.34
0.99
3.43
1.36
0.0
0.33
0.91
1.3
1.37
2.61
0.14
1.1
1.88
3.65
1.58
2.38
2.7
1.16
1.92
0.92
0.48
0.58
0.87
1.17
1.44
1.0
3.61
1.51
0.33
0.0
1.13
1.4
1.56
2.79
0.28
1.11
2.06
3.83
1.74
1.42
1.69
0.74
1.0
0.78
1.24
0.96
1.06
0.65
0.8
0.85
2.57
0.73
0.91
1.13
0.0
0.7
0.51
1.75
0.97
0.87
1.04
2.77
0.81
1.0
1.33
0.39
0.58
0.59
1.43
1.13
0.83
0.72
0.18
0.53
2.25
0.3
1.3
1.4
0.7
0.0
0.52
1.44
1.3
0.46
0.75
2.47
0.4
0.95
1.21
0.79
0.59
0.96
1.65
1.35
1.24
0.85
0.64
0.95
2.1
0.53
1.37
1.56
0.51
0.52
0.0
1.27
1.42
0.88
0.59
2.3
0.4
0.47
0.19
1.76
0.92
2.0
2.8
2.47
2.25
1.83
1.46
1.96
0.83
1.34
2.61
2.79
1.75
1.44
1.27
0.0
2.65
1.87
0.73
1.04
1.06
2.26
2.55
1.04
1.78
0.83
0.39
0.4
0.85
0.97
1.33
0.95
3.47
1.37
0.14
0.28
0.97
1.3
1.42
2.65
0.0
1.08
1.92
3.69
1.61
1.42
1.75
0.43
1.02
0.43
1.18
0.94
0.49
0.87
0.5
0.32
2.66
0.68
1.1
1.11
0.87
0.46
0.88
1.87
1.08
0.0
1.2
2.88
0.85
0.4
0.64
1.05
0.24
1.29
2.07
1.74
1.56
1.12
0.78
1.26
1.55
0.64
1.88
2.06
1.04
0.75
0.59
0.73
1.92
1.2
0.0
1.77
0.35
1.47
1.16
2.78
1.93
3.03
3.84
3.5
3.27
2.85
2.48
2.98
0.26
2.38
3.65
3.83
2.77
2.47
2.3
1.04
3.69
2.88
1.77
0.0
2.1
0.65
0.96
0.71
0.23
0.95
1.75
1.43
1.21
0.85
0.43
0.91
1.88
0.32
1.58
1.74
0.81
0.4
0.4
1.06
1.61
0.85
0.35
2.1
0.0
-
end 777
Name: 1
0.0
0.39
0.32
0.48
0.22
0.62
0.39
0.0
0.33
0.49
0.6
0.23
0.32
0.33
0.0
0.18
0.45
0.45
0.48
0.49
0.18
0.0
0.54
0.56
0.22
0.6
0.45
0.54
0.0
0.82
0.62
0.23
0.45
0.56
0.82
0.0
-
0.0
0.28
0.53
0.16
0.68
0.81
0.97
0.66
0.97
0.4
0.65
0.74
0.28
0.9
0.74
0.72
0.6
0.47
0.33
0.91
0.36
0.27
0.73
0.3
0.28
0.0
0.79
0.33
0.95
1.03
1.18
0.95
1.14
0.68
0.93
0.45
0.48
1.08
0.97
0.82
0.88
0.51
0.15
1.1
0.63
0.36
0.46
0.52
0.53
0.79
0.0
0.47
0.15
0.39
0.51
0.25
0.57
0.14
0.24
1.24
0.33
0.65
0.49
0.75
0.25
0.77
0.82
0.58
0.51
0.58
1.24
0.38
0.16
0.33
0.47
0.0
0.61
0.7
0.85
0.65
0.83
0.37
0.64
0.79
0.16
0.8
0.68
0.62
0.57
0.45
0.36
0.8
0.48
0.19
0.79
0.23
0.68
0.95
0.15
0.61
0.0
0.33
0.43
0.24
0.52
0.28
0.2
1.4
0.47
0.62
0.45
0.79
0.23
0.86
0.96
0.52
0.61
0.7
1.4
0.5
0.81
1.03
0.39
0.7
0.33
0.0
0.16
0.56
0.2
0.51
0.52
1.46
0.55
0.45
0.46
0.69
0.46
0.88
1.02
0.34
0.86
0.73
1.47
0.59
0.97
1.18
0.51
0.85
0.43
0.16
0.0
0.65
0.18
0.65
0.61
1.63
0.71
0.47
0.52
0.78
0.56
1.01
1.17
0.34
1.0
0.89
1.63
0.73
0.66
0.95
0.25
0.65
0.24
0.56
0.65
0.0
0.75
0.28
0.17
1.38
0.53
0.84
0.64
0.96
0.33
0.96
0.99
0.75
0.51
0.77
1.39
0.58
0.97
1.14
0.57
0.83
0.52
0.2
0.18
0.75
0.0
0.69
0.72
1.57
0.69
0.51
0.61
0.76
0.66
0.99
1.13
0.4
1.05
0.86
1.58
0.74
0.4
0.68
0.14
0.37
0.28
0.51
0.65
0.28
0.69
0.0
0.27
1.13
0.26
0.72
0.53
0.74
0.28
0.69
0.72
0.68
0.38
0.5
1.13
0.31
0.65
0.93
0.24
0.64
0.2
0.52
0.61
0.17
0.72
0.27
0.0
1.39
0.52
0.72
0.49
0.85
0.18
0.87
0.95
0.64
0.48
0.72
1.38
0.5
0.74
0.45
1.24
0.79
1.4
1.46
1.63
1.38
1.57
1.13
1.39
0.0
0.94
1.5
1.41
1.18
1.34
0.85
0.5
1.54
1.02
0.79
0.14
0.97
0.28
0.48
0.33
0.16
0.47
0.55
0.71
0.53
0.69
0.26
0.52
0.94
0.0
0.7
0.58
0.6
0.46
0.52
0.51
0.68
0.49
0.28
0.95
0.2
0.9
1.08
0.65
0.8
0.62
0.45
0.47
0.84
0.51
0.72
0.72
1.5
0.7
0.0
0.27
0.4
0.56
0.71
1.01
0.14
0.94
0.72
1.47
0.6
0.74
0.97
0.49
0.68
0.45
0.46
0.52
0.64
0.61
0.53
0.49
1.41
0.58
0.27
0.0
0.46
0.32
0.65
0.91
0.28
0.7
0.62
1.37
0.46
0.72
0.82
0.75
0.62
0.79
0.69
0.78
0.96
0.76
0.74
0.85
1.18
0.6
0.4
0.46
0.0
0.68
0.36
0.7
0.51
0.86
0.47
1.13
0.48
0.6
0.88
0.25
0.57
0.23
0.46
0.56
0.33
0.66
0.28
0.18
1.34
0.46
0.56
0.32
0.68
0.0
0.73
0.87
0.51
0.48
0.61
1.31
0.4
0.47
0.51
0.77
0.45
0.86
0.88
1.01
0.96
0.99
0.69
0.87
0.85
0.52
0.71
0.65
0.36
0.73
0.0
0.38
0.79
0.67
0.27
0.79
0.39
0.33
0.15
0.82
0.36
0.96
1.02
1.17
0.99
1.13
0.72
0.95
0.5
0.51
1.01
0.91
0.7
0.87
0.38
0.0
1.05
0.65
0.3
0.46
0.49
0.91
1.1
0.58
0.8
0.52
0.34
0.34
0.75
0.4
0.68
0.64
1.54
0.68
0.14
0.28
0.51
0.51
0.79
1.05
0.0
0.93
0.76
1.52
0.62
0.36
0.63
0.51
0.48
0.61
0.86
1.0
0.51
1.05
0.38
0.48
1.02
0.49
0.94
0.7
0.86
0.48
0.67
0.65
0.93
0.0
0.55
1.0
0.43
0.27
0.36
0.58
0.19
0.7
0.73
0.89
0.77
0.86
0.5
0.72
0.79
0.28
0.72
0.62
0.47
0.61
0.27
0.3
0.76
0.55
0.0
0.76
0.22
0.73
0.46
1.24
0.79
1.4
1.47
1.63
1.39
1.58
1.13
1.38
0.14
0.95
1.47
1.37
1.13
1.31
0.79
0.46
1.52
1.0
0.76
0.0
0.94
0.3
0.52
0.38
0.23
0.5
0.59
0.73
0.58
0.74
0.31
0.5
0.97
0.2
0.6
0.46
0.48
0.4
0.39
0.49
0.62
0.43
0.22
0.94
0.0
-
end 1
Name: 190315078
0.0
0.39
0.33
0.48
0.26
0.58
0.39
0.0
0.31
0.48
0.64
0.2
0.33
0.31
0.0
0.19
0.49
0.39
0.48
0.48
0.19
0.0
0.58
0.52
0.26
0.64
0.49
0.58
0.0
0.81
0.58
0.2
0.39
0.52
0.81
0.0
-
0.0
0.29
0.4
0.14
0.52
0.61
0.73
0.6
0.86
0.29
0.54
0.69
0.21
0.7
0.51
0.64
0.57
0.5
0.3
0.71
0.32
0.28
0.61
0.27
0.29
0.0
0.65
0.27
0.79
0.8
0.92
0.88
1.03
0.57
0.82
0.41
0.39
0.83
0.7
0.65
0.84
0.42
0.17
0.88
0.52
0.35
0.35
0.5
0.4
0.65
0.0
0.39
0.14
0.33
0.44
0.29
0.58
0.12
0.26
1.04
0.28
0.62
0.48
0.77
0.31
0.8
0.64
0.54
0.51
0.47
1.0
0.32
0.14
0.27
0.39
0.0
0.52
0.52
0.66
0.65
0.77
0.32
0.58
0.68
0.12
0.64
0.5
0.57
0.59
0.48
0.27
0.64
0.46
0.2
0.62
0.26
0.52
0.79
0.14
0.52
0.0
0.32
0.38
0.26
0.54
0.24
0.2
1.19
0.41
0.62
0.48
0.83
0.23
0.9
0.77
0.51
0.59
0.57
1.13
0.39
0.61
0.8
0.33
0.52
0.32
0.0
0.14
0.55
0.27
0.43
0.5
1.18
0.42
0.45
0.47
0.69
0.43
0.84
0.75
0.33
0.8
0.52
1.12
0.41
0.73
0.92
0.44
0.66
0.38
0.14
0.0
0.6
0.17
0.54
0.56
1.31
0.55
0.48
0.53
0.76
0.46
0.94
0.87
0.34
0.91
0.63
1.25
0.53
0.6
0.88
0.29
0.65
0.26
0.55
0.6
0.0
0.75
0.33
0.19
1.27
0.56
0.84
0.66
1.03
0.36
1.04
0.89
0.74
0.56
0.74
1.22
0.56
0.86
1.03
0.58
0.77
0.54
0.27
0.17
0.75
0.0
0.69
0.72
1.39
0.66
0.56
0.67
0.83
0.63
1.05
0.98
0.42
1.06
0.74
1.34
0.67
0.29
0.57
0.12
0.32
0.24
0.43
0.54
0.33
0.69
0.0
0.27
0.97
0.24
0.66
0.47
0.76
0.35
0.74
0.57
0.6
0.39
0.43
0.91
0.28
0.54
0.82
0.26
0.58
0.2
0.5
0.56
0.19
0.72
0.27
0.0
1.21
0.5
0.71
0.52
0.9
0.2
0.93
0.8
0.63
0.5
0.64
1.15
0.44
0.69
0.41
1.04
0.68
1.19
1.18
1.31
1.27
1.39
0.97
1.21
0.0
0.78
1.19
1.09
0.91
1.24
0.64
0.5
1.26
0.86
0.74
0.16
0.9
0.21
0.39
0.28
0.12
0.41
0.42
0.55
0.56
0.66
0.24
0.5
0.78
0.0
0.59
0.46
0.59
0.51
0.56
0.38
0.57
0.49
0.23
0.73
0.22
0.7
0.83
0.62
0.64
0.62
0.45
0.48
0.84
0.56
0.66
0.71
1.19
0.59
0.0
0.27
0.38
0.54
0.64
0.7
0.15
0.88
0.48
1.09
0.43
0.51
0.7
0.48
0.5
0.48
0.47
0.53
0.66
0.67
0.47
0.52
1.09
0.46
0.27
0.0
0.43
0.37
0.56
0.58
0.3
0.62
0.37
0.97
0.25
0.64
0.65
0.77
0.57
0.83
0.69
0.76
1.03
0.83
0.76
0.9
0.91
0.59
0.38
0.43
0.0
0.77
0.33
0.49
0.51
0.86
0.37
0.8
0.48
0.57
0.84
0.31
0.59
0.23
0.43
0.46
0.36
0.63
0.35
0.2
1.24
0.51
0.54
0.37
0.77
0.0
0.86
0.78
0.46
0.58
0.58
1.17
0.39
0.5
0.42
0.8
0.48
0.9
0.84
0.94
1.04
1.05
0.74
0.93
0.64
0.56
0.64
0.56
0.33
0.86
0.0
0.26
0.75
0.69
0.34
0.5
0.51
0.3
0.17
0.64
0.27
0.77
0.75
0.87
0.89
0.98
0.57
0.8
0.5
0.38
0.7
0.58
0.49
0.78
0.26
0.0
0.77
0.54
0.24
0.4
0.42
0.71
0.88
0.54
0.64
0.51
0.33
0.34
0.74
0.42
0.6
0.63
1.26
0.57
0.15
0.3
0.51
0.46
0.75
0.77
0.0
0.87
0.53
1.16
0.44
0.32
0.52
0.51
0.46
0.59
0.8
0.91
0.56
1.06
0.39
0.5
0.86
0.49
0.88
0.62
0.86
0.58
0.69
0.54
0.87
0.0
0.55
0.78
0.46
0.28
0.35
0.47
0.2
0.57
0.52
0.63
0.74
0.74
0.43
0.64
0.74
0.23
0.48
0.37
0.37
0.58
0.34
0.24
0.53
0.55
0.0
0.64
0.2
0.61
0.35
1.0
0.62
1.13
1.12
1.25
1.22
1.34
0.91
1.15
0.16
0.73
1.09
0.97
0.8
1.17
0.5
0.4
1.16
0.78
0.64
0.0
0.8
0.27
0.5
0.32
0.26
0.39
0.41
0.53
0.56
0.67
0.28
0.44
0.9
0.22
0.43
0.25
0.48
0.39
0.51
0.42
0.44
0.46
0.2
0.8
0.0
-
end 190315078
Name: 190315078
0.0
0.4
0.35
0.5
0.27
0.58
0.4
0.0
0.31
0.48
0.67
0.19
0.35
0.31
0.0
0.18
0.53
0.41
0.5
0.48
0.18
0.0
0.61
0.53
0.27
0.67
0.53
0.61
0.0
0.84
0.58
0.19
0.41
0.53
0.84
0.0
-
0.0
0.45
0.6
0.14
0.84
0.83
1.03
0.72
1.15
0.49
0.95
1.13
0.25
0.92
0.66
0.65
0.95
0.54
0.4
1.01
0.34
0.26
1.0
0.38
0.45
0.0
1.03
0.45
1.27
1.22
1.42
1.17
1.51
0.94
1.41
0.67
0.62
1.27
1.05
0.83
1.4
0.43
0.18
1.39
0.51
0.51
0.56
0.8
0.6
1.03
0.0
0.59
0.24
0.34
0.51
0.26
0.65
0.12
0.41
1.7
0.42
0.63
0.46
0.81
0.43
1.04
0.97
0.6
0.82
0.64
1.6
0.36
0.14
0.45
0.59
0.0
0.83
0.77
0.97
0.75
1.08
0.51
0.96
1.13
0.17
0.87
0.65
0.58
0.95
0.53
0.39
0.96
0.47
0.19
1.01
0.36
0.84
1.27
0.24
0.83
0.0
0.31
0.38
0.28
0.54
0.34
0.22
1.94
0.66
0.61
0.51
0.94
0.24
1.24
1.19
0.51
1.03
0.84
1.82
0.53
0.83
1.22
0.34
0.77
0.31
0.0
0.2
0.54
0.33
0.46
0.52
1.88
0.6
0.44
0.48
0.78
0.45
1.15
1.13
0.36
1.11
0.76
1.77
0.51
1.03
1.42
0.51
0.97
0.38
0.2
0.0
0.65
0.17
0.62
0.53
2.08
0.81
0.47
0.59
0.93
0.45
1.34
1.33
0.32
1.3
0.94
1.96
0.68
0.72
1.17
0.26
0.75
0.28
0.54
0.65
0.0
0.8
0.27
0.32
1.82
0.61
0.83
0.64
1.02
0.43
1.22
1.12
0.76
0.87
0.83
1.71
0.55
1.15
1.51
0.65
1.08
0.54
0.33
0.17
0.8
0.0
0.77
0.69
2.16
0.91
0.56
0.73
1.01
0.62
1.43
1.42
0.41
1.44
1.05
2.05
0.83
0.49
0.94
0.12
0.51
0.34
0.46
0.62
0.27
0.77
0.0
0.47
1.61
0.36
0.69
0.46
0.77
0.5
0.96
0.88
0.69
0.71
0.56
1.49
0.3
0.95
1.41
0.41
0.96
0.22
0.52
0.53
0.32
0.69
0.47
0.0
2.07
0.81
0.71
0.61
1.08
0.18
1.37
1.32
0.61
1.1
0.99
1.95
0.67
1.13
0.67
1.7
1.13
1.94
1.88
2.08
1.82
2.16
1.61
2.07
0.0
1.3
1.92
1.7
1.41
2.07
0.92
0.8
2.05
1.07
1.17
0.19
1.47
0.25
0.62
0.42
0.17
0.66
0.6
0.81
0.61
0.91
0.36
0.81
1.3
0.0
0.75
0.53
0.58
0.8
0.67
0.56
0.82
0.57
0.26
1.18
0.25
0.92
1.27
0.63
0.87
0.61
0.44
0.47
0.83
0.56
0.69
0.71
1.92
0.75
0.0
0.32
0.57
0.56
1.06
1.13
0.2
1.18
0.76
1.77
0.55
0.66
1.05
0.46
0.65
0.51
0.48
0.59
0.64
0.73
0.46
0.61
1.7
0.53
0.32
0.0
0.48
0.49
0.86
0.91
0.43
0.88
0.55
1.55
0.28
0.65
0.83
0.81
0.58
0.94
0.78
0.93
1.02
1.01
0.77
1.08
1.41
0.58
0.57
0.48
0.0
0.96
0.51
0.66
0.75
0.91
0.4
1.25
0.48
0.95
1.4
0.43
0.95
0.24
0.45
0.45
0.43
0.62
0.5
0.18
2.07
0.8
0.56
0.49
0.96
0.0
1.31
1.3
0.45
1.12
0.94
1.93
0.62
0.54
0.43
1.04
0.53
1.24
1.15
1.34
1.22
1.43
0.96
1.37
0.92
0.67
1.06
0.86
0.51
1.31
0.0
0.26
1.21
0.66
0.41
0.76
0.71
0.4
0.18
0.97
0.39
1.19
1.13
1.33
1.12
1.42
0.88
1.32
0.8
0.56
1.13
0.91
0.66
1.3
0.26
0.0
1.27
0.51
0.38
0.65
0.68
1.01
1.39
0.6
0.96
0.51
0.36
0.32
0.76
0.41
0.69
0.61
2.05
0.82
0.2
0.43
0.75
0.45
1.21
1.27
0.0
1.28
0.89
1.91
0.64
0.34
0.51
0.82
0.47
1.03
1.11
1.3
0.87
1.44
0.71
1.1
1.07
0.57
1.18
0.88
0.91
1.12
0.66
0.51
1.28
0.0
0.57
0.94
0.65
0.26
0.51
0.64
0.19
0.84
0.76
0.94
0.83
1.05
0.56
0.99
1.17
0.26
0.76
0.55
0.4
0.94
0.41
0.38
0.89
0.57
0.0
1.03
0.32
1.0
0.56
1.6
1.01
1.82
1.77
1.96
1.71
2.05
1.49
1.95
0.19
1.18
1.77
1.55
1.25
1.93
0.76
0.65
1.91
0.94
1.03
0.0
1.33
0.38
0.8
0.36
0.36
0.53
0.51
0.68
0.55
0.83
0.3
0.67
1.47
0.25
0.55
0.28
0.48
0.62
0.71
0.68
0.64
0.65
0.32
1.33
0.0
-
end 190315078
Name: 190315078
0.0
0.4
0.33
0.48
0.28
0.6
0.4
0.0
0.3
0.48
0.67
0.21
0.33
0.3
0.0
0.19
0.5
0.39
0.48
0.48
0.19
0.0
0.58
0.52
0.28
0.67
0.5
0.58
0.0
0.84
0.6
0.21
0.39
0.52
0.84
0.0
-
0.0
0.38
0.6
0.17
0.82
0.98
1.19
1.02
1.35
0.45
0.81
0.99
0.32
0.93
0.77
0.65
0.86
0.51
0.33
1.02
0.39
0.31
0.89
0.43
0.38
0.0
0.96
0.44
1.17
1.29
1.5
1.38
1.64
0.81
1.18
0.62
0.61
1.2
1.09
0.76
1.22
0.44
0.19
1.32
0.74
0.54
0.53
0.76
0.6
0.96
0.0
0.53
0.22
0.45
0.64
0.45
0.81
0.17
0.29
1.58
0.36
0.64
0.48
0.83
0.35
0.99
0.89
0.61
0.52
0.56
1.49
0.33
0.17
0.44
0.53
0.0
0.74
0.85
1.06
0.97
1.21
0.4
0.76
1.06
0.17
0.82
0.7
0.58
0.8
0.53
0.36
0.91
0.49
0.2
0.97
0.35
0.82
1.17
0.22
0.74
0.0
0.34
0.48
0.28
0.67
0.38
0.2
1.8
0.57
0.62
0.47
0.94
0.21
1.17
1.1
0.52
0.68
0.74
1.71
0.49
0.98
1.29
0.45
0.85
0.34
0.0
0.21
0.54
0.38
0.6
0.53
1.89
0.67
0.48
0.5
0.92
0.44
1.22
1.18
0.33
0.94
0.8
1.81
0.6
1.19
1.5
0.64
1.06
0.48
0.21
0.0
0.6
0.2
0.79
0.64
2.11
0.89
0.56
0.64
1.08
0.53
1.41
1.39
0.38
1.13
1.0
2.02
0.8
1.02
1.38
0.45
0.97
0.28
0.54
0.6
0.0
0.77
0.58
0.26
2.0
0.81
0.86
0.7
1.21
0.36
1.41
1.32
0.73
0.79
0.99
1.91
0.75
1.35
1.64
0.81
1.21
0.67
0.38
0.2
0.77
0.0
0.97
0.83
2.23
1.04
0.68
0.8
1.2
0.73
1.55
1.53
0.51
1.31
1.15
2.15
0.97
0.45
0.81
0.17
0.4
0.38
0.6
0.79
0.58
0.97
0.0
0.37
1.43
0.26
0.72
0.52
0.78
0.46
0.87
0.75
0.73
0.38
0.45
1.34
0.27
0.81
1.18
0.29
0.76
0.2
0.53
0.64
0.26
0.83
0.37
0.0
1.79
0.61
0.7
0.5
1.0
0.19
1.17
1.09
0.64
0.57
0.77
1.7
0.51
0.99
0.62
1.58
1.06
1.8
1.89
2.11
2.0
2.23
1.43
1.79
0.0
1.24
1.79
1.69
1.27
1.84
0.88
0.76
1.92
1.31
1.14
0.17
1.38
0.32
0.61
0.36
0.17
0.57
0.67
0.89
0.81
1.04
0.26
0.61
1.24
0.0
0.7
0.57
0.6
0.65
0.67
0.54
0.77
0.48
0.25
1.15
0.24
0.93
1.2
0.64
0.82
0.62
0.48
0.56
0.86
0.68
0.72
0.7
1.79
0.7
0.0
0.27
0.59
0.54
0.99
1.05
0.2
0.93
0.67
1.67
0.52
0.77
1.09
0.48
0.7
0.47
0.5
0.64
0.7
0.8
0.52
0.5
1.69
0.57
0.27
0.0
0.6
0.35
0.9
0.94
0.34
0.69
0.57
1.57
0.35
0.65
0.76
0.83
0.58
0.94
0.92
1.08
1.21
1.2
0.78
1.0
1.27
0.6
0.59
0.6
0.0
0.91
0.43
0.57
0.77
0.85
0.37
1.14
0.51
0.86
1.22
0.35
0.8
0.21
0.44
0.53
0.36
0.73
0.46
0.19
1.84
0.65
0.54
0.35
0.91
0.0
1.15
1.12
0.47
0.66
0.75
1.74
0.49
0.51
0.44
0.99
0.53
1.17
1.22
1.41
1.41
1.55
0.87
1.17
0.88
0.67
0.99
0.9
0.43
1.15
0.0
0.26
1.15
0.79
0.44
0.73
0.67
0.33
0.19
0.89
0.36
1.1
1.18
1.39
1.32
1.53
0.75
1.09
0.76
0.54
1.05
0.94
0.57
1.12
0.26
0.0
1.18
0.68
0.4
0.64
0.64
1.02
1.32
0.61
0.91
0.52
0.33
0.38
0.73
0.51
0.73
0.64
1.92
0.77
0.2
0.34
0.77
0.47
1.15
1.18
0.0
0.98
0.79
1.81
0.6
0.39
0.74
0.52
0.49
0.68
0.94
1.13
0.79
1.31
0.38
0.57
1.31
0.48
0.93
0.69
0.85
0.66
0.79
0.68
0.98
0.0
0.55
1.2
0.46
0.31
0.54
0.56
0.2
0.74
0.8
1.0
0.99
1.15
0.45
0.77
1.14
0.25
0.67
0.57
0.37
0.75
0.44
0.4
0.79
0.55
0.0
1.03
0.27
0.89
0.53
1.49
0.97
1.71
1.81
2.02
1.91
2.15
1.34
1.7
0.17
1.15
1.67
1.57
1.14
1.74
0.73
0.64
1.81
1.2
1.03
0.0
1.27
0.43
0.76
0.33
0.35
0.49
0.6
0.8
0.75
0.97
0.27
0.51
1.38
0.24
0.52
0.35
0.51
0.49
0.67
0.64
0.6
0.46
0.27
1.27
0.0
-
end 190315078
Name: 190315078
0.0
0.4
0.33
0.49
0.28
0.6
0.4
0.0
0.3
0.48
0.67
0.22
0.33
0.3
0.0
0.2
0.5
0.4
0.49
0.48
0.2
0.0
0.58
0.51
0.28
0.67
0.5
0.58
0.0
0.85
0.6
0.22
0.4
0.51
0.85
0.0
-
0.0
0.35
0.6
0.18
0.81
1.03
1.25
1.22
1.39
0.42
0.75
0.96
0.34
0.91
0.79
0.64
0.86
0.54
0.29
1.01
0.52
0.36
0.85
0.47
0.35
0.0
0.92
0.44
1.14
1.31
1.54
1.57
1.67
0.75
1.09
0.61
0.61
1.14
1.07
0.69
1.2
0.43
0.22
1.27
0.87
0.59
0.51
0.78
0.6
0.92
0.0
0.49
0.22
0.5
0.71
0.65
0.88
0.19
0.27
1.54
0.33
0.65
0.5
0.88
0.38
1.01
0.82
0.62
0.43
0.5
1.43
0.31
0.18
0.44
0.49
0.0
0.7
0.88
1.1
1.15
1.24
0.36
0.69
1.05
0.17
0.77
0.69
0.57
0.78
0.58
0.33
0.87
0.56
0.23
0.94
0.37
0.81
1.14
0.22
0.7
0.0
0.37
0.54
0.46
0.72
0.4
0.21
1.75
0.54
0.63
0.48
1.0
0.23
1.19
1.02
0.53
0.53
0.66
1.64
0.44
1.03
1.31
0.5
0.88
0.37
0.0
0.22
0.6
0.38
0.67
0.57
1.91
0.71
0.52
0.53
1.03
0.46
1.32
1.17
0.34
0.87
0.77
1.81
0.61
1.25
1.54
0.71
1.1
0.54
0.22
0.0
0.6
0.19
0.89
0.73
2.15
0.93
0.65
0.69
1.22
0.58
1.52
1.4
0.44
1.05
1.0
2.04
0.82
1.22
1.57
0.65
1.15
0.46
0.6
0.6
0.0
0.75
0.81
0.49
2.18
0.98
0.97
0.82
1.44
0.48
1.63
1.46
0.8
0.83
1.11
2.07
0.88
1.39
1.67
0.88
1.24
0.72
0.38
0.19
0.75
0.0
1.05
0.92
2.25
1.07
0.77
0.84
1.33
0.77
1.65
1.52
0.56
1.23
1.12
2.15
0.98
0.42
0.75
0.19
0.36
0.4
0.67
0.89
0.81
1.05
0.0
0.36
1.37
0.23
0.72
0.56
0.81
0.49
0.87
0.67
0.74
0.32
0.41
1.26
0.28
0.75
1.09
0.27
0.69
0.21
0.57
0.73
0.49
0.92
0.36
0.0
1.71
0.55
0.72
0.51
1.03
0.23
1.16
0.99
0.66
0.35
0.68
1.6
0.44
0.96
0.61
1.54
1.05
1.75
1.91
2.15
2.18
2.25
1.37
1.71
0.0
1.23
1.71
1.68
1.16
1.82
0.82
0.79
1.87
1.44
1.19
0.18
1.39
0.34
0.61
0.33
0.17
0.54
0.71
0.93
0.98
1.07
0.23
0.55
1.23
0.0
0.66
0.57
0.63
0.64
0.72
0.51
0.72
0.5
0.23
1.13
0.26
0.91
1.14
0.65
0.77
0.63
0.52
0.65
0.97
0.77
0.72
0.72
1.71
0.66
0.0
0.26
0.63
0.56
0.98
0.95
0.23
0.84
0.56
1.57
0.47
0.79
1.07
0.5
0.69
0.48
0.53
0.69
0.82
0.84
0.56
0.51
1.68
0.57
0.26
0.0
0.69
0.35
0.95
0.89
0.32
0.61
0.5
1.53
0.33
0.64
0.69
0.88
0.57
1.0
1.03
1.22
1.44
1.33
0.81
1.03
1.16
0.63
0.63
0.69
0.0
0.98
0.4
0.48
0.84
0.92
0.4
1.02
0.58
0.86
1.2
0.38
0.78
0.23
0.46
0.58
0.48
0.77
0.49
0.23
1.82
0.64
0.56
0.35
0.98
0.0
1.19
1.06
0.47
0.51
0.7
1.69
0.45
0.54
0.43
1.01
0.58
1.19
1.32
1.52
1.63
1.65
0.87
1.16
0.82
0.72
0.98
0.95
0.4
1.19
0.0
0.27
1.17
0.94
0.54
0.65
0.75
0.29
0.22
0.82
0.33
1.02
1.17
1.4
1.46
1.52
0.67
0.99
0.79
0.51
0.95
0.89
0.48
1.06
0.27
0.0
1.1
0.77
0.41
0.65
0.62
1.01
1.27
0.62
0.87
0.53
0.34
0.44
0.8
0.56
0.74
0.66
1.87
0.72
0.23
0.32
0.84
0.47
1.17
1.1
0.0
0.87
0.69
1.74
0.55
0.52
0.87
0.43
0.56
0.53
0.87
1.05
0.83
1.23
0.32
0.35
1.44
0.5
0.84
0.61
0.92
0.51
0.94
0.77
0.87
0.0
0.59
1.32
0.44
0.36
0.59
0.5
0.23
0.66
0.77
1.0
1.11
1.12
0.41
0.68
1.19
0.23
0.56
0.5
0.4
0.7
0.54
0.41
0.69
0.59
0.0
1.06
0.24
0.85
0.51
1.43
0.94
1.64
1.81
2.04
2.07
2.15
1.26
1.6
0.18
1.13
1.57
1.53
1.02
1.69
0.65
0.65
1.74
1.32
1.06
0.0
1.26
0.47
0.78
0.31
0.37
0.44
0.61
0.82
0.88
0.98
0.28
0.44
1.39
0.26
0.47
0.33
0.58
0.45
0.75
0.62
0.55
0.44
0.24
1.26
0.0
-
end 190315078
Name: 190315078
0.0
0.39
0.34
0.48
0.22
0.6
0.39
0.0
0.34
0.48
0.6
0.22
0.34
0.34
0.0
0.17
0.46
0.46
0.48
0.48
0.17
0.0
0.57
0.57
0.22
0.6
0.46
0.57
0.0
0.82
0.6
0.22
0.46
0.57
0.82
0.0
-
0.0
0.52
0.72
0.14
0.94
0.76
0.93
0.28
1.02
0.66
0.93
1.21
0.22
1.12
0.76
0.9
0.94
0.49
0.6
1.07
0.7
0.33
1.19
0.25
0.52
0.0
1.22
0.46
1.45
1.21
1.38
0.6
1.43
1.17
1.44
0.69
0.66
1.55
1.21
1.28
1.45
0.66
0.17
1.52
0.44
0.34
0.68
0.7
0.72
1.22
0.0
0.76
0.23
0.3
0.37
0.77
0.51
0.09
0.29
1.91
0.57
0.67
0.46
0.72
0.33
0.92
1.31
0.57
1.39
0.98
1.9
0.58
0.14
0.46
0.76
0.0
0.99
0.75
0.93
0.37
0.99
0.72
1.0
1.15
0.2
1.12
0.79
0.89
1.0
0.46
0.55
1.08
0.73
0.26
1.14
0.28
0.94
1.45
0.23
0.99
0.0
0.4
0.36
0.99
0.5
0.29
0.21
2.14
0.79
0.61
0.52
0.77
0.21
1.1
1.53
0.51
1.6
1.19
2.13
0.79
0.76
1.21
0.3
0.75
0.4
0.0
0.17
0.88
0.27
0.36
0.53
1.88
0.55
0.53
0.44
0.55
0.48
0.85
1.28
0.44
1.45
0.93
1.88
0.58
0.93
1.38
0.37
0.93
0.36
0.17
0.0
1.05
0.16
0.44
0.53
2.06
0.73
0.45
0.49
0.57
0.45
0.99
1.44
0.34
1.63
1.1
2.05
0.74
0.28
0.6
0.77
0.37
0.99
0.88
1.05
0.0
1.15
0.7
0.95
1.23
0.41
1.3
0.93
1.13
1.01
0.76
0.73
1.23
0.66
0.56
1.23
0.49
1.02
1.43
0.51
0.99
0.5
0.27
0.16
1.15
0.0
0.59
0.69
2.09
0.8
0.5
0.62
0.63
0.61
1.06
1.5
0.4
1.71
1.16
2.09
0.83
0.66
1.17
0.09
0.72
0.29
0.36
0.44
0.7
0.59
0.0
0.3
1.85
0.53
0.72
0.46
0.74
0.34
0.88
1.24
0.63
1.31
0.92
1.84
0.53
0.93
1.44
0.29
1.0
0.21
0.53
0.53
0.95
0.69
0.3
0.0
2.13
0.82
0.7
0.54
0.83
0.19
1.11
1.52
0.61
1.55
1.2
2.11
0.79
1.21
0.69
1.91
1.15
2.14
1.88
2.06
1.23
2.09
1.85
2.13
0.0
1.35
2.21
1.88
1.92
2.14
1.27
0.65
2.19
0.74
0.99
0.14
1.39
0.22
0.66
0.57
0.2
0.79
0.55
0.73
0.41
0.8
0.53
0.82
1.35
0.0
0.96
0.64
0.77
0.82
0.51
0.75
0.9
0.91
0.43
1.34
0.19
1.12
1.55
0.67
1.12
0.61
0.53
0.45
1.3
0.5
0.72
0.7
2.21
0.96
0.0
0.41
0.36
0.54
1.0
1.57
0.12
1.78
1.22
2.18
0.88
0.76
1.21
0.46
0.79
0.52
0.44
0.49
0.93
0.62
0.46
0.54
1.88
0.64
0.41
0.0
0.33
0.41
0.69
1.23
0.39
1.39
0.89
1.84
0.52
0.9
1.28
0.72
0.89
0.77
0.55
0.57
1.13
0.63
0.74
0.83
1.92
0.77
0.36
0.33
0.0
0.68
0.67
1.27
0.4
1.52
0.94
1.87
0.66
0.94
1.45
0.33
1.0
0.21
0.48
0.45
1.01
0.61
0.34
0.19
2.14
0.82
0.54
0.41
0.68
0.0
1.04
1.5
0.47
1.57
1.18
2.11
0.76
0.49
0.66
0.92
0.46
1.1
0.85
0.99
0.76
1.06
0.88
1.11
1.27
0.51
1.0
0.69
0.67
1.04
0.0
0.61
1.0
0.9
0.33
1.21
0.38
0.6
0.17
1.31
0.55
1.53
1.28
1.44
0.73
1.5
1.24
1.52
0.65
0.75
1.57
1.23
1.27
1.5
0.61
0.0
1.55
0.47
0.35
0.61
0.74
1.07
1.52
0.57
1.08
0.51
0.44
0.34
1.23
0.4
0.63
0.61
2.19
0.9
0.12
0.39
0.4
0.47
1.0
1.55
0.0
1.74
1.2
2.16
0.84
0.7
0.44
1.39
0.73
1.6
1.45
1.63
0.66
1.71
1.31
1.55
0.74
0.91
1.78
1.39
1.52
1.57
0.9
0.47
1.74
0.0
0.66
0.7
0.91
0.33
0.34
0.98
0.26
1.19
0.93
1.1
0.56
1.16
0.92
1.2
0.99
0.43
1.22
0.89
0.94
1.18
0.33
0.35
1.2
0.66
0.0
0.96
0.42
1.19
0.68
1.9
1.14
2.13
1.88
2.05
1.23
2.09
1.84
2.11
0.14
1.34
2.18
1.84
1.87
2.11
1.21
0.61
2.16
0.7
0.96
0.0
1.36
0.25
0.7
0.58
0.28
0.79
0.58
0.74
0.49
0.83
0.53
0.79
1.39
0.19
0.88
0.52
0.66
0.76
0.38
0.74
0.84
0.91
0.42
1.36
0.0
-
end 190315078
Name: 192038497
0.0
0.4
0.27
0.47
0.22
0.69
0.4
0.0
0.32
0.5
0.6
0.31
0.27
0.32
0.0
0.22
0.36
0.51
0.47
0.5
0.22
0.0
0.47
0.58
0.22
0.6
0.36
0.47
0.0
0.86
0.69
0.31
0.51
0.58
0.86
0.0
-
0.0
0.56
1.11
0.15
1.34
1.38
1.36
0.55
1.11
0.91
1.2
1.35
0.43
1.38
1.5
1.35
0.94
0.72
0.76
1.43
0.4
0.33
1.52
0.24
0.56
0.0
1.65
0.6
1.89
1.91
1.87
1.07
1.59
1.45
1.76
0.79
0.94
1.89
2.02
1.84
1.49
1.16
0.24
1.93
0.86
0.38
0.98
0.74
1.11
1.65
0.0
1.05
0.24
0.39
0.4
0.71
0.48
0.21
0.26
2.44
0.72
0.64
0.6
0.72
0.31
0.84
1.84
0.58
1.04
1.34
2.62
0.96
0.15
0.6
1.05
0.0
1.29
1.31
1.28
0.57
1.01
0.86
1.18
1.38
0.34
1.32
1.45
1.28
0.92
0.67
0.79
1.36
0.52
0.33
1.58
0.21
1.34
1.89
0.24
1.29
0.0
0.32
0.35
0.94
0.58
0.44
0.26
2.68
0.95
0.61
0.48
0.71
0.47
1.01
2.07
0.51
1.25
1.58
2.86
1.19
1.38
1.91
0.39
1.31
0.32
0.0
0.06
1.08
0.39
0.58
0.54
2.68
0.97
0.47
0.48
0.58
0.61
0.99
2.09
0.35
1.38
1.58
2.88
1.21
1.36
1.87
0.4
1.28
0.35
0.06
0.0
1.07
0.35
0.57
0.57
2.65
0.94
0.46
0.49
0.56
0.61
0.95
2.05
0.34
1.36
1.54
2.84
1.18
0.55
1.07
0.71
0.57
0.94
1.08
1.07
0.0
0.93
0.51
0.76
1.83
0.42
1.2
1.21
1.21
0.61
0.81
1.28
1.19
0.42
0.87
2.02
0.55
1.11
1.59
0.48
1.01
0.58
0.39
0.35
0.93
0.0
0.54
0.71
2.35
0.69
0.59
0.74
0.64
0.61
0.78
1.77
0.54
1.21
1.27
2.55
0.95
0.91
1.45
0.21
0.86
0.44
0.58
0.57
0.51
0.54
0.0
0.33
2.25
0.55
0.74
0.73
0.79
0.21
0.71
1.64
0.71
0.83
1.16
2.43
0.77
1.2
1.76
0.26
1.18
0.26
0.54
0.57
0.76
0.71
0.33
0.0
2.54
0.87
0.72
0.58
0.8
0.32
0.93
1.95
0.67
1.05
1.47
2.72
1.06
1.35
0.79
2.44
1.38
2.68
2.68
2.65
1.83
2.35
2.25
2.54
0.0
1.72
2.65
2.81
2.59
2.28
1.91
0.64
2.71
1.59
1.13
0.23
1.52
0.43
0.94
0.72
0.34
0.95
0.97
0.94
0.42
0.69
0.55
0.87
1.72
0.0
1.02
1.14
1.01
0.62
0.54
1.13
1.05
0.6
0.64
1.92
0.3
1.38
1.89
0.64
1.32
0.61
0.47
0.46
1.2
0.59
0.74
0.72
2.65
1.02
0.0
0.29
0.14
0.63
0.78
2.02
0.14
1.37
1.52
2.82
1.16
1.5
2.02
0.6
1.45
0.48
0.48
0.49
1.21
0.74
0.73
0.58
2.81
1.14
0.29
0.0
0.38
0.61
0.94
2.17
0.26
1.41
1.67
2.97
1.29
1.35
1.84
0.72
1.28
0.71
0.58
0.56
1.21
0.64
0.79
0.8
2.59
1.01
0.14
0.38
0.0
0.67
0.71
1.96
0.27
1.35
1.46
2.76
1.12
0.94
1.49
0.31
0.92
0.47
0.61
0.61
0.61
0.61
0.21
0.32
2.28
0.62
0.63
0.61
0.67
0.0
0.62
1.67
0.63
0.83
1.18
2.45
0.77
0.72
1.16
0.84
0.67
1.01
0.99
0.95
0.81
0.78
0.71
0.93
1.91
0.54
0.78
0.94
0.71
0.62
0.0
1.27
0.86
0.79
0.78
2.06
0.48
0.76
0.24
1.84
0.79
2.07
2.09
2.05
1.28
1.77
1.64
1.95
0.64
1.13
2.02
2.17
1.96
1.67
1.27
0.0
2.09
1.03
0.51
0.8
0.9
1.43
1.93
0.58
1.36
0.51
0.35
0.34
1.19
0.54
0.71
0.67
2.71
1.05
0.14
0.26
0.27
0.63
0.86
2.09
0.0
1.41
1.58
2.88
1.21
0.4
0.86
1.04
0.52
1.25
1.38
1.36
0.42
1.21
0.83
1.05
1.59
0.6
1.37
1.41
1.35
0.83
0.79
1.03
1.41
0.0
0.68
1.75
0.47
0.33
0.38
1.34
0.33
1.58
1.58
1.54
0.87
1.27
1.16
1.47
1.13
0.64
1.52
1.67
1.46
1.18
0.78
0.51
1.58
0.68
0.0
1.31
0.41
1.52
0.98
2.62
1.58
2.86
2.88
2.84
2.02
2.55
2.43
2.72
0.23
1.92
2.82
2.97
2.76
2.45
2.06
0.8
2.88
1.75
1.31
0.0
1.69
0.24
0.74
0.96
0.21
1.19
1.21
1.18
0.55
0.95
0.77
1.06
1.52
0.3
1.16
1.29
1.12
0.77
0.48
0.9
1.21
0.47
0.41
1.69
0.0
-
end 192038497
Name: 2
0.0
0.4
0.33
0.49
0.3
0.57
0.4
0.0
0.29
0.48
0.69
0.2
0.33
0.29
0.0
0.2
0.54
0.36
0.49
0.48
0.2
0.0
0.6
0.49
0.3
0.69
0.54
0.6
0.0
0.84
0.57
0.2
0.36
0.49
0.84
0.0
-
0.0
0.5
0.59
0.15
0.86
0.81
1.01
0.78
1.07
0.55
1.09
1.24
0.23
0.86
0.56
0.64
1.12
0.69
0.39
1.02
0.47
0.3
1.03
0.45
0.5
0.0
1.07
0.48
1.33
1.23
1.44
1.27
1.47
1.03
1.58
0.75
0.64
1.24
0.97
0.75
1.61
0.42
0.24
1.44
0.47
0.6
0.55
0.91
0.59
1.07
0.0
0.59
0.27
0.35
0.5
0.32
0.62
0.09
0.54
1.81
0.44
0.63
0.49
0.9
0.59
1.22
0.93
0.62
0.97
0.59
1.62
0.32
0.15
0.48
0.59
0.0
0.87
0.76
0.97
0.82
1.01
0.57
1.12
1.22
0.16
0.82
0.56
0.58
1.14
0.67
0.36
0.98
0.56
0.22
1.02
0.45
0.86
1.33
0.27
0.87
0.0
0.35
0.38
0.29
0.54
0.32
0.29
2.08
0.7
0.64
0.61
1.09
0.35
1.47
1.2
0.52
1.22
0.82
1.88
0.5
0.81
1.23
0.35
0.76
0.35
0.0
0.2
0.55
0.28
0.42
0.61
1.97
0.6
0.47
0.54
0.9
0.58
1.33
1.08
0.38
1.24
0.68
1.77
0.44
1.01
1.44
0.5
0.97
0.38
0.2
0.0
0.62
0.17
0.58
0.57
2.17
0.81
0.51
0.68
1.05
0.51
1.52
1.27
0.34
1.43
0.87
1.97
0.61
0.78
1.27
0.32
0.82
0.29
0.55
0.62
0.0
0.76
0.33
0.42
1.99
0.68
0.86
0.71
1.17
0.53
1.45
1.16
0.77
1.09
0.84
1.8
0.56
1.07
1.47
0.62
1.01
0.54
0.28
0.17
0.76
0.0
0.69
0.73
2.18
0.85
0.57
0.77
1.07
0.68
1.55
1.31
0.43
1.5
0.92
1.99
0.7
0.55
1.03
0.09
0.57
0.32
0.42
0.58
0.33
0.69
0.0
0.56
1.77
0.43
0.66
0.48
0.89
0.61
1.19
0.9
0.66
0.91
0.57
1.57
0.3
1.09
1.58
0.54
1.12
0.29
0.61
0.57
0.42
0.73
0.56
0.0
2.32
0.97
0.81
0.8
1.31
0.19
1.7
1.44
0.64
1.41
1.07
2.12
0.74
1.24
0.75
1.81
1.22
2.08
1.97
2.17
1.99
2.18
1.77
2.32
0.0
1.39
1.96
1.69
1.37
2.36
0.83
0.93
2.16
1.02
1.34
0.25
1.66
0.23
0.64
0.44
0.16
0.7
0.6
0.81
0.68
0.85
0.43
0.97
1.39
0.0
0.72
0.47
0.62
0.99
0.82
0.51
0.85
0.67
0.24
1.2
0.33
0.86
1.24
0.63
0.82
0.64
0.47
0.51
0.86
0.57
0.66
0.81
1.96
0.72
0.0
0.36
0.66
0.7
1.19
1.02
0.27
1.26
0.64
1.73
0.46
0.56
0.97
0.49
0.56
0.61
0.54
0.68
0.71
0.77
0.48
0.8
1.69
0.47
0.36
0.0
0.52
0.75
0.95
0.76
0.54
0.92
0.38
1.46
0.2
0.64
0.75
0.9
0.58
1.09
0.9
1.05
1.17
1.07
0.89
1.31
1.37
0.62
0.66
0.52
0.0
1.26
0.57
0.52
0.91
0.92
0.39
1.13
0.61
1.12
1.61
0.59
1.14
0.35
0.58
0.51
0.53
0.68
0.61
0.19
2.36
0.99
0.7
0.75
1.26
0.0
1.68
1.45
0.5
1.46
1.06
2.14
0.72
0.69
0.42
1.22
0.67
1.47
1.33
1.52
1.45
1.55
1.19
1.7
0.83
0.82
1.19
0.95
0.57
1.68
0.0
0.32
1.43
0.69
0.65
0.59
0.97
0.39
0.24
0.93
0.36
1.2
1.08
1.27
1.16
1.31
0.9
1.44
0.93
0.51
1.02
0.76
0.52
1.45
0.32
0.0
1.24
0.51
0.4
0.71
0.73
1.02
1.44
0.62
0.98
0.52
0.38
0.34
0.77
0.43
0.66
0.64
2.16
0.85
0.27
0.54
0.91
0.5
1.43
1.24
0.0
1.42
0.84
1.94
0.57
0.47
0.47
0.97
0.56
1.22
1.24
1.43
1.09
1.5
0.91
1.41
1.02
0.67
1.26
0.92
0.92
1.46
0.69
0.51
1.42
0.0
0.69
0.82
0.85
0.3
0.6
0.59
0.22
0.82
0.68
0.87
0.84
0.92
0.57
1.07
1.34
0.24
0.64
0.38
0.39
1.06
0.65
0.4
0.84
0.69
0.0
1.12
0.34
1.03
0.55
1.62
1.02
1.88
1.77
1.97
1.8
1.99
1.57
2.12
0.25
1.2
1.73
1.46
1.13
2.14
0.59
0.71
1.94
0.82
1.12
0.0
1.44
0.45
0.91
0.32
0.45
0.5
0.44
0.61
0.56
0.7
0.3
0.74
1.66
0.33
0.46
0.2
0.61
0.72
0.97
0.73
0.57
0.85
0.34
1.44
0.0
-
end 2
Name: 2
0.0
0.39
0.33
0.48
0.28
0.57
0.39
0.0
0.3
0.48
0.66
0.19
0.33
0.3
0.0
0.19
0.52
0.38
0.48
0.48
0.19
0.0
0.59
0.5
0.28
0.66
0.52
0.59
0.0
0.83
0.57
0.19
0.38
0.5
0.83
0.0
-
0.0
0.47
0.57
0.15
0.8
0.71
0.88
0.51
0.93
0.53
1.02
1.13
0.22
0.88
0.55
0.66
0.99
0.59
0.42
0.97
0.53
0.28
0.98
0.36
0.47
0.0
1.02
0.43
1.25
1.1
1.26
0.95
1.28
0.99
1.48
0.67
0.58
1.23
0.93
0.84
1.45
0.43
0.19
1.36
0.43
0.48
0.53
0.78
0.57
1.02
0.0
0.59
0.24
0.32
0.43
0.27
0.55
0.08
0.49
1.68
0.45
0.64
0.49
0.82
0.49
1.08
0.95
0.6
1.06
0.65
1.54
0.36
0.15
0.43
0.59
0.0
0.83
0.68
0.85
0.58
0.88
0.58
1.06
1.09
0.16
0.85
0.56
0.61
1.03
0.55
0.37
0.96
0.61
0.19
0.95
0.38
0.8
1.25
0.24
0.83
0.0
0.36
0.37
0.44
0.52
0.27
0.27
1.92
0.68
0.63
0.59
0.94
0.28
1.28
1.19
0.52
1.28
0.86
1.77
0.54
0.71
1.1
0.32
0.68
0.36
0.0
0.17
0.58
0.25
0.39
0.62
1.75
0.53
0.46
0.5
0.71
0.56
1.1
1.01
0.41
1.24
0.67
1.61
0.43
0.88
1.26
0.43
0.85
0.37
0.17
0.0
0.69
0.17
0.5
0.58
1.92
0.69
0.45
0.6
0.81
0.51
1.25
1.18
0.34
1.4
0.83
1.78
0.58
0.51
0.95
0.27
0.58
0.44
0.58
0.69
0.0
0.8
0.23
0.6
1.6
0.48
0.88
0.64
0.97
0.66
1.08
0.93
0.86
0.9
0.7
1.46
0.47
0.93
1.28
0.55
0.88
0.52
0.25
0.17
0.8
0.0
0.62
0.74
1.92
0.74
0.52
0.68
0.84
0.67
1.26
1.2
0.42
1.47
0.87
1.78
0.66
0.53
0.99
0.08
0.58
0.27
0.39
0.5
0.23
0.62
0.0
0.49
1.65
0.44
0.67
0.49
0.83
0.5
1.06
0.93
0.64
1.01
0.64
1.52
0.35
1.02
1.48
0.49
1.06
0.27
0.62
0.58
0.6
0.74
0.49
0.0
2.15
0.92
0.77
0.76
1.14
0.18
1.49
1.41
0.64
1.45
1.09
2.0
0.75
1.13
0.67
1.68
1.09
1.92
1.75
1.92
1.6
1.92
1.65
2.15
0.0
1.25
1.87
1.57
1.4
2.11
0.87
0.79
2.0
0.83
1.13
0.21
1.44
0.22
0.58
0.45
0.16
0.68
0.53
0.69
0.48
0.74
0.44
0.92
1.25
0.0
0.75
0.48
0.61
0.89
0.68
0.53
0.82
0.73
0.26
1.11
0.28
0.88
1.23
0.64
0.85
0.63
0.46
0.45
0.88
0.52
0.67
0.77
1.87
0.75
0.0
0.38
0.53
0.61
1.06
1.09
0.2
1.37
0.75
1.69
0.53
0.55
0.93
0.49
0.56
0.59
0.5
0.6
0.64
0.68
0.49
0.76
1.57
0.48
0.38
0.0
0.41
0.64
0.78
0.78
0.51
1.01
0.45
1.39
0.22
0.66
0.84
0.82
0.61
0.94
0.71
0.81
0.97
0.84
0.83
1.14
1.4
0.61
0.53
0.41
0.0
1.02
0.56
0.66
0.73
1.05
0.42
1.22
0.49
0.99
1.45
0.49
1.03
0.28
0.56
0.51
0.66
0.67
0.5
0.18
2.11
0.89
0.61
0.64
1.02
0.0
1.41
1.35
0.49
1.45
1.03
1.96
0.69
0.59
0.43
1.08
0.55
1.28
1.1
1.25
1.08
1.26
1.06
1.49
0.87
0.68
1.06
0.78
0.56
1.41
0.0
0.26
1.23
0.66
0.43
0.68
0.74
0.42
0.19
0.95
0.37
1.19
1.01
1.18
0.93
1.2
0.93
1.41
0.79
0.53
1.09
0.78
0.66
1.35
0.26
0.0
1.23
0.5
0.35
0.62
0.66
0.97
1.36
0.6
0.96
0.52
0.41
0.34
0.86
0.42
0.64
0.64
2.0
0.82
0.2
0.51
0.73
0.49
1.23
1.23
0.0
1.48
0.88
1.84
0.62
0.53
0.43
1.06
0.61
1.28
1.24
1.4
0.9
1.47
1.01
1.45
0.83
0.73
1.37
1.01
1.05
1.45
0.66
0.5
1.48
0.0
0.69
0.69
0.87
0.28
0.48
0.65
0.19
0.86
0.67
0.83
0.7
0.87
0.64
1.09
1.13
0.26
0.75
0.45
0.42
1.03
0.43
0.35
0.88
0.69
0.0
0.97
0.33
0.98
0.53
1.54
0.95
1.77
1.61
1.78
1.46
1.78
1.52
2.0
0.21
1.11
1.69
1.39
1.22
1.96
0.68
0.62
1.84
0.69
0.97
0.0
1.28
0.36
0.78
0.36
0.38
0.54
0.43
0.58
0.47
0.66
0.35
0.75
1.44
0.28
0.53
0.22
0.49
0.69
0.74
0.66
0.62
0.87
0.33
1.28
0.0
-
end 2
Name: 2
0.0
0.4
0.34
0.49
0.29
0.59
0.4
0.0
0.3
0.48
0.68
0.2
0.34
0.3
0.0
0.2
0.53
0.38
0.49
0.48
0.2
0.0
0.6
0.5
0.29
0.68
0.53
0.6
0.0
0.85
0.59
0.2
0.38
0.5
0.85
0.0
-
0.0
0.46
0.69
0.16
0.96
1.03
1.26
0.96
1.39
0.58
1.08
1.2
0.32
1.04
0.79
0.68
1.08
0.56
0.39
1.16
0.31
0.31
1.06
0.47
0.46
0.0
1.14
0.51
1.39
1.42
1.66
1.41
1.77
1.04
1.54
0.74
0.71
1.39
1.2
0.86
1.53
0.45
0.2
1.56
0.61
0.6
0.61
0.89
0.69
1.14
0.0
0.63
0.26
0.43
0.63
0.33
0.79
0.13
0.44
1.87
0.44
0.66
0.48
0.87
0.46
1.13
1.04
0.65
0.78
0.65
1.75
0.37
0.16
0.51
0.63
0.0
0.9
0.93
1.15
0.93
1.28
0.54
1.05
1.25
0.2
0.94
0.73
0.6
1.03
0.57
0.41
1.07
0.46
0.21
1.12
0.4
0.96
1.39
0.26
0.9
0.0
0.33
0.45
0.25
0.62
0.37
0.22
2.13
0.7
0.63
0.52
1.03
0.25
1.36
1.29
0.54
1.02
0.88
2.0
0.56
1.03
1.42
0.43
0.93
0.33
0.0
0.23
0.55
0.37
0.54
0.53
2.15
0.73
0.47
0.53
0.94
0.45
1.35
1.31
0.36
1.18
0.87
2.03
0.61
1.26
1.66
0.63
1.15
0.45
0.23
0.0
0.65
0.19
0.75
0.56
2.39
0.95
0.55
0.67
1.12
0.48
1.56
1.54
0.35
1.38
1.09
2.26
0.83
0.96
1.41
0.33
0.93
0.25
0.55
0.65
0.0
0.82
0.39
0.25
2.14
0.75
0.85
0.67
1.17
0.39
1.42
1.33
0.76
0.96
0.96
2.02
0.66
1.39
1.77
0.79
1.28
0.62
0.37
0.19
0.82
0.0
0.91
0.74
2.49
1.08
0.65
0.83
1.23
0.67
1.68
1.65
0.46
1.54
1.22
2.37
0.98
0.58
1.04
0.13
0.54
0.37
0.54
0.75
0.39
0.91
0.0
0.51
1.77
0.37
0.72
0.5
0.84
0.54
1.04
0.94
0.75
0.65
0.58
1.64
0.31
1.08
1.54
0.44
1.05
0.22
0.53
0.56
0.25
0.74
0.51
0.0
2.28
0.86
0.74
0.61
1.17
0.18
1.49
1.43
0.63
1.08
1.03
2.14
0.71
1.2
0.74
1.87
1.25
2.13
2.15
2.39
2.14
2.49
1.77
2.28
0.0
1.45
2.1
1.92
1.5
2.27
0.99
0.9
2.28
1.28
1.33
0.2
1.63
0.32
0.71
0.44
0.2
0.7
0.73
0.95
0.75
1.08
0.37
0.86
1.45
0.0
0.79
0.59
0.61
0.85
0.73
0.61
0.9
0.54
0.26
1.32
0.26
1.04
1.39
0.66
0.94
0.63
0.47
0.55
0.85
0.65
0.72
0.74
2.1
0.79
0.0
0.31
0.67
0.58
1.18
1.23
0.23
1.18
0.79
1.95
0.58
0.79
1.2
0.48
0.73
0.52
0.53
0.67
0.67
0.83
0.5
0.61
1.92
0.59
0.31
0.0
0.6
0.48
1.0
1.04
0.44
0.89
0.61
1.76
0.34
0.68
0.86
0.87
0.6
1.03
0.94
1.12
1.17
1.23
0.84
1.17
1.5
0.61
0.67
0.6
0.0
1.07
0.54
0.67
0.89
0.9
0.4
1.33
0.52
1.08
1.53
0.46
1.03
0.25
0.45
0.48
0.39
0.67
0.54
0.18
2.27
0.85
0.58
0.48
1.07
0.0
1.43
1.4
0.47
1.1
0.98
2.13
0.66
0.56
0.45
1.13
0.57
1.36
1.35
1.56
1.42
1.68
1.04
1.49
0.99
0.73
1.18
1.0
0.54
1.43
0.0
0.27
1.37
0.72
0.49
0.81
0.79
0.39
0.2
1.04
0.41
1.29
1.31
1.54
1.33
1.65
0.94
1.43
0.9
0.61
1.23
1.04
0.67
1.4
0.27
0.0
1.4
0.58
0.44
0.73
0.76
1.16
1.56
0.65
1.07
0.54
0.36
0.35
0.76
0.46
0.75
0.63
2.28
0.9
0.23
0.44
0.89
0.47
1.37
1.4
0.0
1.3
0.95
2.13
0.7
0.31
0.61
0.78
0.46
1.02
1.18
1.38
0.96
1.54
0.65
1.08
1.28
0.54
1.18
0.89
0.9
1.1
0.72
0.58
1.3
0.0
0.56
1.13
0.62
0.31
0.6
0.65
0.21
0.88
0.87
1.09
0.96
1.22
0.58
1.03
1.33
0.26
0.79
0.61
0.4
0.98
0.49
0.44
0.95
0.56
0.0
1.18
0.33
1.06
0.61
1.75
1.12
2.0
2.03
2.26
2.02
2.37
1.64
2.14
0.2
1.32
1.95
1.76
1.33
2.13
0.81
0.73
2.13
1.13
1.18
0.0
1.48
0.47
0.89
0.37
0.4
0.56
0.61
0.83
0.66
0.98
0.31
0.71
1.63
0.26
0.58
0.34
0.52
0.66
0.79
0.76
0.7
0.62
0.33
1.48
0.0
-
end 2
Name: 6
0.0
0.4
0.34
0.49
0.28
0.58
0.4
0.0
0.3
0.48
0.68
0.19
0.34
0.3
0.0
0.19
0.52
0.38
0.49
0.48
0.19
0.0
0.59
0.51
0.28
0.68
0.52
0.59
0.0
0.84
0.58
0.19
0.38
0.51
0.84
0.0
-
0.0
0.51
0.64
0.15
0.91
0.8
0.99
0.54
1.05
0.6
1.14
1.24
0.23
0.98
0.63
0.69
1.08
0.58
0.46
1.08
0.55
0.28
1.09
0.39
0.51
0.0
1.13
0.48
1.39
1.24
1.42
1.03
1.46
1.09
1.64
0.73
0.65
1.38
1.06
0.92
1.58
0.44
0.18
1.52
0.44
0.52
0.59
0.84
0.64
1.13
0.0
0.66
0.26
0.33
0.44
0.29
0.57
0.09
0.53
1.86
0.49
0.65
0.49
0.82
0.5
1.13
1.07
0.63
1.13
0.72
1.73
0.4
0.15
0.48
0.66
0.0
0.92
0.76
0.95
0.61
1.0
0.64
1.18
1.21
0.18
0.95
0.63
0.63
1.11
0.54
0.42
1.06
0.62
0.19
1.07
0.39
0.91
1.39
0.26
0.92
0.0
0.37
0.37
0.48
0.53
0.31
0.3
2.12
0.75
0.62
0.59
0.96
0.28
1.36
1.33
0.52
1.38
0.96
1.99
0.61
0.8
1.24
0.33
0.76
0.37
0.0
0.19
0.59
0.27
0.39
0.65
1.96
0.58
0.46
0.49
0.73
0.55
1.17
1.15
0.42
1.33
0.77
1.82
0.48
0.99
1.42
0.44
0.95
0.37
0.19
0.0
0.73
0.17
0.52
0.6
2.15
0.78
0.44
0.61
0.85
0.51
1.34
1.34
0.34
1.52
0.96
2.01
0.65
0.54
1.03
0.29
0.61
0.48
0.59
0.73
0.0
0.85
0.26
0.68
1.74
0.49
0.9
0.63
0.95
0.69
1.1
1.0
0.89
0.95
0.72
1.61
0.48
1.05
1.46
0.57
1.0
0.53
0.27
0.17
0.85
0.0
0.65
0.75
2.16
0.83
0.51
0.7
0.88
0.67
1.37
1.37
0.42
1.58
0.99
2.02
0.73
0.6
1.09
0.09
0.64
0.31
0.39
0.52
0.26
0.65
0.0
0.55
1.82
0.47
0.69
0.48
0.82
0.52
1.1
1.04
0.67
1.07
0.7
1.69
0.37
1.14
1.64
0.53
1.18
0.3
0.65
0.6
0.68
0.75
0.55
0.0
2.37
1.01
0.77
0.78
1.19
0.18
1.58
1.57
0.64
1.58
1.21
2.22
0.84
1.24
0.73
1.86
1.21
2.12
1.96
2.15
1.74
2.16
1.82
2.37
0.0
1.38
2.08
1.77
1.56
2.31
0.98
0.85
2.23
0.91
1.23
0.21
1.58
0.23
0.65
0.49
0.18
0.75
0.58
0.78
0.49
0.83
0.47
1.01
1.38
0.0
0.83
0.53
0.61
0.95
0.69
0.6
0.91
0.76
0.28
1.25
0.27
0.98
1.38
0.65
0.95
0.62
0.46
0.44
0.9
0.51
0.69
0.77
2.08
0.83
0.0
0.4
0.58
0.6
1.16
1.24
0.21
1.47
0.86
1.92
0.61
0.63
1.06
0.49
0.63
0.59
0.49
0.61
0.63
0.7
0.48
0.78
1.77
0.53
0.4
0.0
0.43
0.64
0.86
0.93
0.53
1.09
0.56
1.6
0.26
0.69
0.92
0.82
0.63
0.96
0.73
0.85
0.95
0.88
0.82
1.19
1.56
0.61
0.58
0.43
0.0
1.04
0.61
0.76
0.77
1.09
0.45
1.39
0.49
1.08
1.58
0.5
1.11
0.28
0.55
0.51
0.69
0.67
0.52
0.18
2.31
0.95
0.6
0.64
1.04
0.0
1.48
1.48
0.49
1.53
1.11
2.15
0.74
0.58
0.44
1.13
0.54
1.36
1.17
1.34
1.1
1.37
1.1
1.58
0.98
0.69
1.16
0.86
0.61
1.48
0.0
0.27
1.33
0.66
0.42
0.8
0.75
0.46
0.18
1.07
0.42
1.33
1.15
1.34
1.0
1.37
1.04
1.57
0.85
0.6
1.24
0.93
0.76
1.48
0.27
0.0
1.39
0.5
0.39
0.68
0.74
1.08
1.52
0.63
1.06
0.52
0.42
0.34
0.89
0.42
0.67
0.64
2.23
0.91
0.21
0.53
0.77
0.49
1.33
1.39
0.0
1.59
1.0
2.07
0.7
0.55
0.44
1.13
0.62
1.38
1.33
1.52
0.95
1.58
1.07
1.58
0.91
0.76
1.47
1.09
1.09
1.53
0.66
0.5
1.59
0.0
0.69
0.77
0.89
0.28
0.52
0.72
0.19
0.96
0.77
0.96
0.72
0.99
0.7
1.21
1.23
0.28
0.86
0.56
0.45
1.11
0.42
0.39
1.0
0.69
0.0
1.07
0.37
1.09
0.59
1.73
1.07
1.99
1.82
2.01
1.61
2.02
1.69
2.22
0.21
1.25
1.92
1.6
1.39
2.15
0.8
0.68
2.07
0.77
1.07
0.0
1.42
0.39
0.84
0.4
0.39
0.61
0.48
0.65
0.48
0.73
0.37
0.84
1.58
0.27
0.61
0.26
0.49
0.74
0.75
0.74
0.7
0.89
0.37
1.42
0.0
-
end 6
Name: 7
0.0
0.4
0.33
0.48
0.29
0.6
0.4
0.0
0.29
0.48
0.68
0.21
0.33
0.29
0.0
0.2
0.52
0.39
0.48
0.48
0.2
0.0
0.59
0.51
0.29
0.68
0.52
0.59
0.0
0.86
0.6
0.21
0.39
0.51
0.86
0.0
-
0.0
0.63
0.86
0.15
1.18
1.09
1.35
0.76
1.44
0.76
1.36
1.56
0.3
1.25
0.86
0.75
1.34
0.59
0.56
1.39
0.5
0.27
1.41
0.48
0.63
0.0
1.48
0.62
1.81
1.66
1.92
1.38
2.0
1.39
2.0
0.94
0.87
1.79
1.44
1.16
1.95
0.51
0.19
1.97
0.51
0.65
0.79
1.07
0.86
1.48
0.0
0.86
0.33
0.36
0.56
0.31
0.69
0.12
0.54
2.41
0.62
0.68
0.47
0.85
0.54
1.33
1.4
0.7
1.3
0.91
2.26
0.49
0.15
0.62
0.86
0.0
1.19
1.05
1.31
0.8
1.39
0.78
1.39
1.56
0.25
1.21
0.85
0.69
1.34
0.56
0.54
1.36
0.6
0.2
1.41
0.47
1.18
1.81
0.33
1.19
0.0
0.36
0.4
0.53
0.56
0.43
0.25
2.74
0.94
0.62
0.61
1.06
0.25
1.62
1.72
0.53
1.61
1.22
2.6
0.78
1.09
1.66
0.36
1.05
0.36
0.0
0.26
0.63
0.36
0.47
0.6
2.59
0.81
0.46
0.51
0.85
0.52
1.47
1.56
0.43
1.57
1.06
2.44
0.66
1.35
1.92
0.56
1.31
0.4
0.26
0.0
0.82
0.18
0.68
0.55
2.85
1.06
0.48
0.68
1.04
0.48
1.7
1.82
0.33
1.82
1.32
2.7
0.91
0.76
1.38
0.31
0.8
0.53
0.63
0.82
0.0
0.96
0.29
0.67
2.3
0.6
0.92
0.65
1.01
0.7
1.29
1.32
0.96
1.14
0.89
2.16
0.55
1.44
2.0
0.69
1.39
0.56
0.36
0.18
0.96
0.0
0.82
0.71
2.92
1.15
0.56
0.81
1.11
0.64
1.78
1.9
0.42
1.92
1.39
2.77
1.02
0.76
1.39
0.12
0.78
0.43
0.47
0.68
0.29
0.82
0.0
0.62
2.31
0.54
0.74
0.47
0.82
0.61
1.24
1.3
0.78
1.19
0.83
2.17
0.41
1.36
2.0
0.54
1.39
0.25
0.6
0.55
0.67
0.71
0.62
0.0
2.94
1.15
0.75
0.75
1.25
0.18
1.81
1.91
0.62
1.76
1.41
2.78
0.97
1.56
0.94
2.41
1.56
2.74
2.59
2.85
2.3
2.92
2.31
2.94
0.0
1.8
2.71
2.37
2.02
2.89
1.28
1.06
2.89
1.25
1.57
0.21
2.01
0.3
0.87
0.62
0.25
0.94
0.81
1.06
0.6
1.15
0.54
1.15
1.8
0.0
1.0
0.66
0.61
1.12
0.76
0.79
1.13
0.79
0.33
1.66
0.28
1.25
1.79
0.68
1.21
0.62
0.46
0.48
0.92
0.56
0.74
0.75
2.71
1.0
0.0
0.43
0.73
0.58
1.47
1.66
0.22
1.7
1.15
2.54
0.77
0.86
1.44
0.47
0.85
0.61
0.51
0.68
0.65
0.81
0.47
0.75
2.37
0.66
0.43
0.0
0.51
0.62
1.13
1.3
0.58
1.29
0.8
2.19
0.39
0.75
1.16
0.85
0.69
1.06
0.85
1.04
1.01
1.11
0.82
1.25
2.02
0.61
0.73
0.51
0.0
1.13
0.76
0.99
0.95
1.16
0.54
1.85
0.48
1.34
1.95
0.54
1.34
0.25
0.52
0.48
0.7
0.64
0.61
0.18
2.89
1.12
0.58
0.62
1.13
0.0
1.73
1.85
0.46
1.74
1.36
2.73
0.9
0.59
0.51
1.33
0.56
1.62
1.47
1.7
1.29
1.78
1.24
1.81
1.28
0.76
1.47
1.13
0.76
1.73
0.0
0.32
1.67
0.68
0.43
1.1
0.84
0.56
0.19
1.4
0.54
1.72
1.56
1.82
1.32
1.9
1.3
1.91
1.06
0.79
1.66
1.3
0.99
1.85
0.32
0.0
1.84
0.52
0.52
0.89
0.95
1.39
1.97
0.7
1.36
0.53
0.43
0.33
0.96
0.42
0.78
0.62
2.89
1.13
0.22
0.58
0.95
0.46
1.67
1.84
0.0
1.85
1.32
2.72
0.92
0.5
0.51
1.3
0.6
1.61
1.57
1.82
1.14
1.92
1.19
1.76
1.25
0.79
1.7
1.29
1.16
1.74
0.68
0.52
1.85
0.0
0.67
1.1
0.94
0.27
0.65
0.91
0.2
1.22
1.06
1.32
0.89
1.39
0.83
1.41
1.57
0.33
1.15
0.8
0.54
1.36
0.43
0.52
1.32
0.67
0.0
1.4
0.46
1.41
0.79
2.26
1.41
2.6
2.44
2.7
2.16
2.77
2.17
2.78
0.21
1.66
2.54
2.19
1.85
2.73
1.1
0.89
2.72
1.1
1.4
0.0
1.84
0.48
1.07
0.49
0.47
0.78
0.66
0.91
0.55
1.02
0.41
0.97
2.01
0.28
0.77
0.39
0.48
0.9
0.84
0.95
0.92
0.94
0.46
1.84
0.0
-
end 7
Name: 89
0.0
0.39
0.33
0.49
0.26
0.58
0.39
0.0
0.31
0.48
0.65
0.2
0.33
0.31
0.0
0.18
0.5
0.41
0.49
0.48
0.18
0.0
0.58
0.53
0.26
0.65
0.5
0.58
0.0
0.83
0.58
0.2
0.41
0.53
0.83
0.0
-
0.0
0.53
0.61
0.17
0.85
0.63
0.79
0.3
0.83
0.58
0.88
1.2
0.18
0.95
0.55
0.72
0.94
0.55
0.53
1.0
0.75
0.31
1.1
0.27
0.53
0.0
1.12
0.43
1.36
1.07
1.23
0.72
1.22
1.1
1.4
0.67
0.59
1.37
0.98
1.01
1.46
0.49
0.16
1.46
0.45
0.4
0.58
0.74
0.61
1.12
0.0
0.7
0.24
0.31
0.35
0.58
0.49
0.08
0.34
1.79
0.54
0.64
0.5
0.76
0.41
1.05
1.13
0.59
1.33
0.82
1.7
0.47
0.17
0.43
0.7
0.0
0.93
0.65
0.81
0.41
0.82
0.68
0.99
1.1
0.16
0.99
0.61
0.72
1.04
0.49
0.44
1.04
0.74
0.21
1.01
0.34
0.85
1.36
0.24
0.93
0.0
0.43
0.39
0.78
0.54
0.27
0.2
2.03
0.77
0.61
0.62
0.87
0.23
1.25
1.35
0.5
1.55
1.04
1.94
0.67
0.63
1.07
0.31
0.65
0.43
0.0
0.16
0.69
0.22
0.36
0.59
1.73
0.49
0.52
0.46
0.59
0.58
0.94
1.05
0.49
1.36
0.73
1.64
0.44
0.79
1.23
0.35
0.81
0.39
0.16
0.0
0.82
0.17
0.42
0.56
1.89
0.64
0.46
0.53
0.65
0.52
1.08
1.2
0.39
1.51
0.88
1.79
0.58
0.3
0.72
0.58
0.41
0.78
0.69
0.82
0.0
0.89
0.54
0.8
1.35
0.39
1.08
0.71
0.98
0.9
0.85
0.77
1.08
0.82
0.6
1.26
0.48
0.83
1.22
0.49
0.82
0.54
0.22
0.17
0.89
0.0
0.56
0.72
1.86
0.67
0.53
0.63
0.66
0.69
1.09
1.21
0.48
1.56
0.89
1.78
0.65
0.58
1.1
0.08
0.68
0.27
0.36
0.42
0.54
0.56
0.0
0.33
1.77
0.53
0.67
0.49
0.78
0.41
1.02
1.1
0.63
1.28
0.81
1.67
0.45
0.88
1.4
0.34
0.99
0.2
0.59
0.56
0.8
0.72
0.33
0.0
2.07
0.85
0.71
0.66
0.95
0.19
1.3
1.4
0.61
1.55
1.1
1.98
0.72
1.2
0.67
1.79
1.1
2.03
1.73
1.89
1.35
1.86
1.77
2.07
0.0
1.27
2.02
1.64
1.61
2.13
1.01
0.72
2.11
0.7
1.05
0.18
1.41
0.18
0.59
0.54
0.16
0.77
0.49
0.64
0.39
0.67
0.53
0.85
1.27
0.0
0.86
0.52
0.65
0.88
0.6
0.6
0.9
0.88
0.32
1.18
0.24
0.95
1.37
0.64
0.99
0.61
0.52
0.46
1.08
0.53
0.67
0.71
2.02
0.86
0.0
0.45
0.46
0.55
1.07
1.3
0.16
1.65
0.98
1.9
0.68
0.55
0.98
0.5
0.61
0.62
0.46
0.53
0.71
0.63
0.49
0.66
1.64
0.52
0.45
0.0
0.33
0.6
0.71
0.92
0.53
1.21
0.6
1.51
0.29
0.72
1.01
0.76
0.72
0.87
0.59
0.65
0.98
0.66
0.78
0.95
1.61
0.65
0.46
0.33
0.0
0.86
0.64
0.91
0.6
1.31
0.62
1.49
0.51
0.94
1.46
0.41
1.04
0.23
0.58
0.52
0.9
0.69
0.41
0.19
2.13
0.88
0.55
0.6
0.86
0.0
1.28
1.42
0.45
1.61
1.11
2.01
0.73
0.55
0.49
1.05
0.49
1.25
0.94
1.08
0.85
1.09
1.02
1.3
1.01
0.6
1.07
0.71
0.64
1.28
0.0
0.35
1.18
0.79
0.29
0.86
0.59
0.53
0.16
1.13
0.44
1.35
1.05
1.2
0.77
1.21
1.1
1.4
0.72
0.6
1.3
0.92
0.91
1.42
0.35
0.0
1.4
0.52
0.33
0.6
0.69
1.0
1.46
0.59
1.04
0.5
0.49
0.39
1.08
0.48
0.63
0.61
2.11
0.9
0.16
0.53
0.6
0.45
1.18
1.4
0.0
1.72
1.06
1.99
0.75
0.75
0.45
1.33
0.74
1.55
1.36
1.51
0.82
1.56
1.28
1.55
0.7
0.88
1.65
1.21
1.31
1.61
0.79
0.52
1.72
0.0
0.74
0.6
0.97
0.31
0.4
0.82
0.21
1.04
0.73
0.88
0.6
0.89
0.81
1.1
1.05
0.32
0.98
0.6
0.62
1.11
0.29
0.33
1.06
0.74
0.0
0.93
0.38
1.1
0.58
1.7
1.01
1.94
1.64
1.79
1.26
1.78
1.67
1.98
0.18
1.18
1.9
1.51
1.49
2.01
0.86
0.6
1.99
0.6
0.93
0.0
1.29
0.27
0.74
0.47
0.34
0.67
0.44
0.58
0.48
0.65
0.45
0.72
1.41
0.24
0.68
0.29
0.51
0.73
0.59
0.69
0.75
0.97
0.38
1.29
0.0
-
end 89
